<Linux Prompt on Host>$ netcat -u 192.168.7.2 12345
?

Accepted command examples:
count       -- get the total number of samples taken.
length      -- get the number of samples taken in the previously completed second.
dips        -- get the number of dips in the previously completed second.
history     -- get all the samples in the previously completed second.
stop        -- cause the server program to end.
<enter>     -- repeat last command.
help

Accepted command examples:
count       -- get the total number of samples taken.
length      -- get the number of samples taken in the previously completed second.
dips        -- get the number of dips in the previously completed second.
history     -- get all the samples in the previously completed second.
stop        -- cause the server program to end.
<enter>     -- repeat last command.
count
# samples taken total: 5991
count
# samples taken total: 6623
count
# samples taken total: 7153

# samples taken total: 7596

# samples taken total: 7820

# samples taken total: 8024

# samples taken total: 8281
length
# samples taken last second: 556

# samples taken last second: 544

# samples taken last second: 544
dips
# Dips: 35
history
1.421, 1.553, 1.574, 1.583, 1.588, 1.591, 1.593, 1.563, 1.527, 1.486, 
1.466, 1.448, 1.433, 1.419, 1.407, 1.503, 1.548, 1.571, 1.581, 1.586, 
1.592, 1.594, 1.573, 1.533, 1.503, 1.483, 1.463, 1.444, 1.422, 1.412, 
1.479, 1.538, 1.564, 1.577, 1.585, 1.590, 1.593, 1.590, 1.546, 1.513, 
1.491, 1.468, 1.447, 1.429, 1.419, 1.436, 1.524, 1.558, 1.575, 1.584, 
1.589, 1.592, 1.595, 1.559, 1.523, 1.494, 1.476, 1.456, 1.435, 1.417, 
1.404, 1.524, 1.552, 1.569, 1.579, 1.586, 1.590, 1.593, 1.593, 1.549, 
1.520, 1.490, 1.466, 1.445, 1.430, 1.418, 1.408, 1.520, 1.550, 1.570, 
1.581, 1.587, 1.590, 1.593, 1.587, 1.546, 1.517, 1.490, 1.466, 1.445, 
1.433, 1.413, 1.440, 1.524, 1.554, 1.571, 1.580, 1.587, 1.590, 1.594, 
1.584, 1.537, 1.508, 1.483, 1.460, 1.439, 1.426, 1.416, 1.418, 1.531, 
1.566, 1.577, 1.586, 1.589, 1.592, 1.594, 1.550, 1.519, 1.490, 1.466, 
1.447, 1.435, 1.423, 1.406, 1.515, 1.548, 1.569, 1.579, 1.585, 1.590, 
1.593, 1.595, 1.547, 1.518, 1.492, 1.467, 1.445, 1.428, 1.415, 1.421, 
1.523, 1.551, 1.567, 1.578, 1.588, 1.590, 1.592, 1.587, 1.545, 1.515, 
1.488, 1.462, 1.443, 1.429, 1.419, 1.436, 1.529, 1.554, 1.571, 1.581, 
1.587, 1.590, 1.593, 1.596, 1.539, 1.507, 1.480, 1.460, 1.437, 1.422, 
1.409, 1.491, 1.542, 1.564, 1.575, 1.583, 1.589, 1.592, 1.593, 1.549, 
1.521, 1.492, 1.467, 1.445, 1.431, 1.420, 1.408, 1.515, 1.547, 1.568, 
1.580, 1.586, 1.589, 1.592, 1.595, 1.547, 1.518, 1.491, 1.467, 1.446, 
1.432, 1.414, 1.422, 1.523, 1.554, 1.571, 1.579, 1.587, 1.590, 1.593, 
1.587, 1.539, 1.513, 1.486, 1.464, 1.442, 1.427, 1.416, 1.408, 1.529, 
1.559, 1.575, 1.584, 1.588, 1.591, 1.594, 1.560, 1.530, 1.499, 1.473, 
1.452, 1.440, 1.424, 1.409, 1.501, 1.550, 1.571, 1.582, 1.586, 1.590, 
1.594, 1.583, 1.547, 1.517, 1.490, 1.463, 1.446, 1.425, 1.413, 1.467, 
1.538, 1.564, 1.578, 1.585, 1.589, 1.592, 1.593, 1.563, 1.531, 1.501, 
1.467, 1.450, 1.433, 1.421, 1.407, 1.503, 1.547, 1.567, 1.579, 1.585, 
1.589, 1.593, 1.595, 1.556, 1.520, 1.492, 1.467, 1.452, 1.436, 1.418, 
1.407, 1.509, 1.553, 1.569, 1.579, 1.585, 1.590, 1.593, 1.590, 1.551, 
1.519, 1.489, 1.462, 1.444, 1.429, 1.418, 1.432, 1.514, 1.548, 1.568, 
1.582, 1.586, 1.590, 1.593, 1.585, 1.546, 1.513, 1.485, 1.462, 1.447, 
1.431, 1.413, 1.457, 1.524, 1.557, 1.572, 1.582, 1.587, 1.590, 1.594, 
1.577, 1.542, 1.507, 1.483, 1.460, 1.440, 1.425, 1.415, 1.468, 1.545, 
1.565, 1.580, 1.587, 1.590, 1.592, 1.591, 1.542, 1.512, 1.483, 1.455, 
1.441, 1.425, 1.410, 1.477, 1.535, 1.562, 1.575, 1.583, 1.587, 1.591, 
1.594, 1.564, 1.533, 1.502, 1.478, 1.456, 1.440, 1.423, 1.411, 1.494, 
1.538, 1.563, 1.576, 1.585, 1.589, 1.592, 1.594, 1.560, 1.531, 1.502, 
1.472, 1.450, 1.436, 1.423, 1.410, 1.500, 1.540, 1.563, 1.576, 1.584, 
1.587, 1.592, 1.595, 1.558, 1.524, 1.495, 1.476, 1.453, 1.438, 1.421, 
1.407, 1.505, 1.543, 1.564, 1.576, 1.585, 1.589, 1.593, 1.593, 1.557, 
1.519, 1.489, 1.460, 1.442, 1.427, 1.416, 1.447, 1.518, 1.550, 1.570, 
1.582, 1.586, 1.590, 1.593, 1.575, 1.532, 1.497, 1.468, 1.453, 1.437, 
1.420, 1.405, 1.494, 1.540, 1.564, 1.578, 1.584, 1.589, 1.593, 1.595, 
1.556, 1.522, 1.495, 1.469, 1.450, 1.433, 1.418, 1.407, 1.507, 1.548, 
1.567, 1.578, 1.585, 1.589, 1.592, 1.594, 1.561, 1.527, 1.493, 1.468, 
1.449, 1.434, 1.421, 1.403, 1.509, 1.550, 1.573, 1.580, 1.586, 1.591, 
1.594, 1.588, 1.544, 1.512, 1.483, 1.465, 1.446, 1.425, 1.411, 1.441, 
1.529, 1.558, 1.573, 1.581, 1.587, 1.590, 1.592, 1.582, 1.538, 1.508, 
1.480, 1.458, 1.442, 1.428, 1.413, 1.452, 1.527, 1.561, 1.576, 1.583, 
1.587, 1.591, 1.594, 1.578, 1.542, 1.508, 1.476, 1.449, 1.433, 1.414, 
1.405, 1.513, 1.555, 1.571, 1.579, 1.587, 1.590, 1.593, 1.594, 1.553, 
1.520, 1.486, 1.465, 1.442, 1.427, 1.415, 1.455, 1.529, 1.558, 1.577, 
1.585, 1.589, 1.592, 1.594, 1.567, 1.530, 1.491, 1.470, 1.451, 1.434, 
1.417, 1.405, 1.504, 1.548, 1.569, 1.578, 1.584, 1.590, 1.594, 1.595, 
1.550, 1.516, 1.490, 1.470, 1.451, 1.432, 1.417, 1.408, 1.517, 1.552, 
1.570, 

count
# samples taken total: 16487
history
1.592, 1.594, 1.568, 1.527, 1.499, 1.475, 1.451, 1.433, 1.419, 1.408, 
1.513, 1.550, 1.570, 1.579, 1.586, 1.589, 1.593, 1.579, 1.536, 1.498, 
1.474, 1.455, 1.438, 1.425, 1.410, 1.461, 1.532, 1.564, 1.576, 1.583, 
1.588, 1.593, 1.595, 1.548, 1.509, 1.488, 1.465, 1.445, 1.425, 1.415, 
1.406, 1.514, 1.557, 1.570, 1.582, 1.588, 1.591, 1.593, 1.585, 1.543, 
1.509, 1.485, 1.461, 1.442, 1.426, 1.410, 1.491, 1.551, 1.567, 1.580, 
1.585, 1.589, 1.593, 1.595, 1.554, 1.515, 1.492, 1.470, 1.450, 1.429, 
1.417, 1.405, 1.513, 1.554, 1.567, 1.578, 1.585, 1.591, 1.593, 1.592, 
1.547, 1.515, 1.490, 1.465, 1.444, 1.429, 1.419, 1.408, 1.521, 1.557, 
1.571, 1.582, 1.587, 1.590, 1.593, 1.595, 1.552, 1.509, 1.485, 1.462, 
1.444, 1.429, 1.413, 1.434, 1.525, 1.559, 1.571, 1.581, 1.588, 1.591, 
1.593, 1.582, 1.540, 1.515, 1.488, 1.465, 1.440, 1.425, 1.415, 1.465, 
1.537, 1.558, 1.574, 1.582, 1.588, 1.590, 1.593, 1.584, 1.538, 1.502, 
1.473, 1.450, 1.436, 1.421, 1.406, 1.502, 1.542, 1.564, 1.576, 1.585, 
1.589, 1.593, 1.595, 1.556, 1.523, 1.495, 1.473, 1.450, 1.432, 1.418, 
1.409, 1.515, 1.547, 1.567, 1.579, 1.585, 1.590, 1.592, 1.594, 1.551, 
1.523, 1.491, 1.466, 1.447, 1.433, 1.420, 1.422, 1.516, 1.549, 1.568, 
1.580, 1.586, 1.589, 1.592, 1.595, 1.546, 1.516, 1.492, 1.471, 1.446, 
1.430, 1.413, 1.426, 1.523, 1.553, 1.569, 1.580, 1.588, 1.591, 1.593, 
1.586, 1.541, 1.515, 1.487, 1.462, 1.440, 1.430, 1.419, 1.407, 1.528, 
1.555, 1.573, 1.582, 1.587, 1.590, 1.593, 1.585, 1.539, 1.510, 1.483, 
1.460, 1.442, 1.427, 1.411, 1.458, 1.534, 1.558, 1.572, 1.581, 1.588, 
1.591, 1.594, 1.565, 1.535, 1.502, 1.476, 1.450, 1.434, 1.421, 1.410, 
1.503, 1.542, 1.566, 1.578, 1.586, 1.590, 1.593, 1.576, 1.538, 1.506, 
1.479, 1.459, 1.444, 1.432, 1.416, 1.466, 1.527, 1.560, 1.573, 1.582, 
1.587, 1.591, 1.594, 1.575, 1.539, 1.508, 1.480, 1.458, 1.438, 1.422, 
1.411, 1.476, 1.531, 1.556, 1.572, 1.584, 1.588, 1.590, 1.593, 1.570, 
1.536, 1.505, 1.478, 1.453, 1.439, 1.425, 1.407, 1.498, 1.544, 1.566, 
1.578, 1.584, 1.588, 1.592, 1.594, 1.560, 1.527, 1.495, 1.473, 1.451, 
1.430, 1.413, 1.471, 1.532, 1.559, 1.572, 1.583, 1.588, 1.591, 1.593, 
1.572, 1.540, 1.505, 1.479, 1.454, 1.435, 1.421, 1.421, 1.516, 1.553, 
1.570, 1.581, 1.586, 1.588, 1.593, 1.590, 1.553, 1.513, 1.485, 1.467, 
1.446, 1.428, 1.407, 1.468, 1.534, 1.561, 1.576, 1.582, 1.588, 1.592, 
1.594, 1.575, 1.536, 1.503, 1.476, 1.451, 1.433, 1.418, 1.411, 1.493, 
1.542, 1.570, 1.579, 1.586, 1.590, 1.593, 1.580, 1.536, 1.498, 1.474, 
1.455, 1.438, 1.424, 1.411, 1.465, 1.533, 1.565, 1.575, 1.583, 1.589, 
1.593, 1.594, 1.569, 1.530, 1.497, 1.477, 1.457, 1.434, 1.418, 1.409, 
1.499, 1.546, 1.565, 1.575, 1.583, 1.588, 1.591, 1.594, 1.558, 1.524, 
1.497, 1.472, 1.452, 1.436, 1.420, 1.407, 1.487, 1.543, 1.569, 1.579, 
1.584, 1.589, 1.593, 1.594, 1.564, 1.526, 1.491, 1.473, 1.450, 1.430, 
1.416, 1.407, 1.506, 1.548, 1.569, 1.578, 1.585, 1.591, 1.593, 1.592, 
1.548, 1.515, 1.489, 1.468, 1.447, 1.433, 1.418, 1.407, 1.520, 1.553, 
1.571, 1.580, 1.585, 1.589, 1.593, 1.595, 1.551, 1.513, 1.483, 1.463, 
1.445, 1.428, 1.411, 1.405, 1.514, 1.553, 1.572, 1.580, 1.587, 1.591, 
1.593, 1.586, 1.548, 1.520, 1.486, 1.465, 1.444, 1.427, 1.414, 1.436, 
1.528, 1.557, 1.573, 1.581, 1.587, 1.591, 1.593, 1.584, 1.539, 1.506, 
1.480, 1.457, 1.441, 1.425, 1.405, 1.509, 1.550, 1.572, 1.579, 1.585, 
1.589, 1.594, 1.592, 1.544, 1.512, 1.480, 1.458, 1.435, 1.418, 1.409, 
1.504, 1.546, 1.566, 1.576, 1.585, 1.589, 1.591, 1.594, 1.557, 1.524, 
1.490, 1.463, 1.444, 1.425, 1.413, 1.467, 1.539, 1.561, 1.574, 1.582, 
1.586, 1.592, 1.594, 1.570, 1.530, 1.497, 1.472, 1.451, 1.426, 1.414, 
1.420, 1.521, 1.555, 1.569, 1.579, 1.587, 1.592, 1.593, 1.583, 1.542, 
1.509, 1.479, 1.454, 1.433, 1.422, 1.409, 1.501, 1.546, 1.565, 1.576, 
1.584, 1.589, 1.592, 1.595, 1.556, 1.515, 1.484, 1.461, 1.439, 1.423, 
1.408, 1.476, 1.540, 1.561, 1.573, 1.582, 1.589, 1.592, 1.594, 1.566, 

count
# samples taken total: 18374
history
1.438, 1.418, 1.406, 1.523, 1.551, 1.570, 1.579, 1.585, 1.589, 1.592, 
1.594, 1.548, 1.513, 1.484, 1.455, 1.438, 1.425, 1.414, 1.479, 1.530, 
1.557, 1.573, 1.585, 1.588, 1.591, 1.594, 1.570, 1.536, 1.504, 1.478, 
1.455, 1.441, 1.425, 1.408, 1.495, 1.543, 1.565, 1.576, 1.583, 1.589, 
1.591, 1.594, 1.560, 1.530, 1.497, 1.474, 1.449, 1.429, 1.417, 1.466, 
1.530, 1.558, 1.573, 1.583, 1.588, 1.590, 1.593, 1.575, 1.542, 1.505, 
1.477, 1.457, 1.443, 1.429, 1.414, 1.473, 1.529, 1.558, 1.575, 1.582, 
1.588, 1.592, 1.595, 1.571, 1.538, 1.509, 1.483, 1.458, 1.440, 1.422, 
1.411, 1.480, 1.535, 1.560, 1.574, 1.584, 1.589, 1.592, 1.593, 1.562, 
1.529, 1.500, 1.473, 1.452, 1.436, 1.421, 1.407, 1.517, 1.553, 1.570, 
1.582, 1.586, 1.590, 1.593, 1.582, 1.535, 1.503, 1.480, 1.462, 1.444, 
1.422, 1.410, 1.464, 1.533, 1.561, 1.575, 1.583, 1.589, 1.593, 1.594, 
1.575, 1.538, 1.508, 1.476, 1.456, 1.435, 1.422, 1.411, 1.508, 1.551, 
1.573, 1.581, 1.587, 1.590, 1.593, 1.592, 1.552, 1.518, 1.481, 1.464, 
1.444, 1.428, 1.409, 1.482, 1.543, 1.570, 1.578, 1.585, 1.589, 1.593, 
1.595, 1.562, 1.526, 1.491, 1.472, 1.447, 1.430, 1.416, 1.448, 1.531, 
1.564, 1.576, 1.584, 1.589, 1.592, 1.591, 1.547, 1.505, 1.482, 1.460, 
1.441, 1.428, 1.412, 1.470, 1.531, 1.564, 1.575, 1.582, 1.589, 1.593, 
1.595, 1.559, 1.523, 1.497, 1.475, 1.454, 1.431, 1.419, 1.409, 1.505, 
1.550, 1.568, 1.579, 1.585, 1.590, 1.592, 1.593, 1.561, 1.520, 1.496, 
1.467, 1.447, 1.433, 1.421, 1.408, 1.507, 1.553, 1.569, 1.580, 1.585, 
1.589, 1.593, 1.591, 1.546, 1.512, 1.491, 1.469, 1.451, 1.428, 1.414, 
1.445, 1.528, 1.559, 1.574, 1.583, 1.590, 1.593, 1.594, 1.558, 1.523, 
1.500, 1.477, 1.454, 1.432, 1.422, 1.409, 1.507, 1.550, 1.571, 1.582, 
1.588, 1.590, 1.594, 1.579, 1.537, 1.509, 1.484, 1.463, 1.440, 1.428, 
1.410, 1.473, 1.536, 1.561, 1.574, 1.582, 1.589, 1.591, 1.594, 1.571, 
1.528, 1.504, 1.480, 1.458, 1.436, 1.424, 1.414, 1.462, 1.541, 1.561, 
1.576, 1.584, 1.589, 1.592, 1.594, 1.568, 1.528, 1.502, 1.475, 1.454, 
1.436, 1.425, 1.409, 1.490, 1.544, 1.564, 1.575, 1.583, 1.590, 1.593, 
1.595, 1.560, 1.524, 1.498, 1.474, 1.454, 1.433, 1.420, 1.410, 1.504, 
1.549, 1.566, 1.578, 1.586, 1.590, 1.592, 1.594, 1.563, 1.519, 1.495, 
1.467, 1.447, 1.433, 1.421, 1.407, 1.507, 1.552, 1.568, 1.579, 1.585, 
1.589, 1.593, 1.595, 1.552, 1.513, 1.491, 1.471, 1.453, 1.429, 1.415, 
1.424, 1.521, 1.555, 1.569, 1.580, 1.587, 1.591, 1.593, 1.594, 1.545, 
1.511, 1.488, 1.463, 1.444, 1.428, 1.418, 1.408, 1.512, 1.557, 1.571, 
1.582, 1.587, 1.590, 1.593, 1.587, 1.544, 1.508, 1.485, 1.464, 1.444, 
1.426, 1.413, 1.450, 1.529, 1.560, 1.572, 1.581, 1.586, 1.592, 1.593, 
1.576, 1.536, 1.505, 1.483, 1.460, 1.440, 1.424, 1.415, 1.458, 1.535, 
1.562, 1.575, 1.583, 1.588, 1.591, 1.593, 1.571, 1.535, 1.500, 1.478, 
1.455, 1.440, 1.425, 1.410, 1.477, 1.538, 1.566, 1.575, 1.582, 1.588, 
1.593, 1.594, 1.566, 1.529, 1.498, 1.478, 1.458, 1.438, 1.420, 1.410, 
1.497, 1.544, 1.565, 1.577, 1.585, 1.589, 1.592, 1.594, 1.565, 1.526, 
1.493, 1.472, 1.451, 1.436, 1.421, 1.409, 1.485, 1.540, 1.569, 1.578, 
1.585, 1.589, 1.593, 1.595, 1.558, 1.522, 1.491, 1.472, 1.453, 1.433, 
1.415, 1.407, 1.511, 1.549, 1.568, 1.578, 1.585, 1.589, 1.593, 1.594, 
1.549, 1.517, 1.490, 1.467, 1.445, 1.430, 1.418, 1.408, 1.512, 1.554, 
1.572, 1.581, 1.586, 1.590, 1.593, 1.595, 1.555, 1.520, 1.482, 1.465, 
1.446, 1.429, 1.413, 1.429, 1.522, 1.556, 1.573, 1.580, 1.586, 1.590, 
1.594, 1.585, 1.541, 1.510, 1.484, 1.463, 1.445, 1.429, 1.415, 1.447, 
1.530, 1.558, 1.575, 1.583, 1.588, 1.591, 1.593, 1.580, 1.538, 1.505, 
1.476, 1.458, 1.442, 1.428, 1.410, 1.458, 1.527, 1.557, 1.576, 1.582, 
1.588, 1.592, 1.594, 1.572, 1.534, 1.503, 1.477, 1.459, 1.439, 1.422, 
1.410, 1.481, 1.539, 1.562, 1.576, 1.583, 1.589, 1.591, 1.594, 1.569, 
1.529, 1.500, 1.473, 1.452, 1.438, 1.424, 1.407, 1.490, 1.541, 1.567, 
1.580, 1.584, 1.589, 1.593, 1.595, 1.563, 1.529, 1.499, 1.470, 1.455, 
1.433, 1.416, 1.406, 1.503, 


1.452, 1.435, 1.422, 1.407, 1.505, 1.550, 1.570, 1.580, 1.586, 1.589, 
1.593, 1.573, 1.531, 1.500, 1.473, 1.456, 1.441, 1.422, 1.405, 1.497, 
1.547, 1.567, 1.579, 1.586, 1.591, 1.594, 1.573, 1.535, 1.505, 1.481, 
1.461, 1.443, 1.427, 1.413, 1.459, 1.535, 1.561, 1.577, 1.586, 1.590, 
1.593, 1.595, 1.551, 1.516, 1.487, 1.469, 1.452, 1.436, 1.415, 1.404, 
1.517, 1.554, 1.571, 1.579, 1.585, 1.589, 1.593, 1.595, 1.556, 1.518, 
1.488, 1.469, 1.448, 1.430, 1.418, 1.411, 1.503, 1.547, 1.570, 1.582, 
1.587, 1.591, 1.593, 1.575, 1.537, 1.505, 1.481, 1.462, 1.444, 1.426, 
1.414, 1.470, 1.535, 1.565, 1.578, 1.585, 1.590, 1.593, 1.595, 1.551, 
1.515, 1.491, 1.472, 1.453, 1.428, 1.416, 1.417, 1.520, 1.554, 1.569, 
1.580, 1.587, 1.591, 1.593, 1.591, 1.544, 1.509, 1.485, 1.460, 1.442, 
1.428, 1.418, 1.407, 1.516, 1.559, 1.572, 1.582, 1.586, 1.591, 1.595, 
1.563, 1.518, 1.494, 1.471, 1.453, 1.433, 1.418, 1.408, 1.493, 1.552, 
1.567, 1.579, 1.586, 1.589, 1.593, 1.594, 1.555, 1.518, 1.495, 1.471, 
1.447, 1.429, 1.420, 1.408, 1.513, 1.551, 1.568, 1.578, 1.585, 1.589, 
1.592, 1.593, 1.548, 1.514, 1.487, 1.466, 1.449, 1.431, 1.417, 1.404, 
1.520, 1.557, 1.571, 1.580, 1.586, 1.590, 1.593, 1.595, 1.553, 1.516, 
1.493, 1.470, 1.448, 1.429, 1.417, 1.415, 1.513, 1.545, 1.569, 1.580, 
1.588, 1.590, 1.593, 1.582, 1.542, 1.510, 1.481, 1.461, 1.441, 1.428, 
1.413, 1.491, 1.538, 1.564, 1.578, 1.584, 1.588, 1.592, 1.594, 1.563, 
1.531, 1.501, 1.476, 1.453, 1.436, 1.420, 1.410, 1.502, 1.541, 1.561, 
1.576, 1.585, 1.590, 1.592, 1.594, 1.558, 1.526, 1.498, 1.471, 1.449, 
1.433, 1.421, 1.407, 1.512, 1.547, 1.568, 1.579, 1.585, 1.589, 1.593, 
1.595, 1.552, 1.521, 1.490, 1.469, 1.450, 1.433, 1.416, 1.406, 1.518, 
1.550, 1.568, 1.579, 1.587, 1.590, 1.593, 1.594, 1.547, 1.520, 1.495, 
1.472, 1.443, 1.431, 1.418, 1.426, 1.521, 1.553, 1.571, 1.581, 1.587, 
1.589, 1.593, 1.588, 1.542, 1.514, 1.484, 1.462, 1.445, 1.432, 1.416, 
1.403, 1.530, 1.556, 1.573, 1.581, 1.588, 1.592, 1.594, 1.578, 1.537, 
1.509, 1.485, 1.460, 1.437, 1.423, 1.414, 1.473, 1.535, 1.557, 1.572, 
1.582, 1.588, 1.591, 1.593, 1.572, 1.535, 1.506, 1.480, 1.458, 1.440, 
1.428, 1.413, 1.476, 1.541, 1.562, 1.576, 1.583, 1.588, 1.591, 1.594, 
1.578, 1.527, 1.502, 1.476, 1.457, 1.436, 1.421, 1.411, 1.483, 1.543, 
1.563, 1.575, 1.584, 1.589, 1.592, 1.594, 1.565, 1.527, 1.502, 1.478, 
1.455, 1.436, 1.422, 1.409, 1.504, 1.545, 1.566, 1.578, 1.584, 1.589, 
1.592, 1.595, 1.559, 1.520, 1.495, 1.472, 1.452, 1.433, 1.419, 1.408, 
1.491, 1.551, 1.567, 1.578, 1.586, 1.591, 1.593, 1.594, 1.556, 1.519, 
1.495, 1.470, 1.447, 1.430, 1.420, 1.408, 1.511, 1.551, 1.568, 1.579, 
1.585, 1.590, 1.593, 1.594, 1.550, 1.515, 1.488, 1.466, 1.449, 1.430, 
1.416, 1.403, 1.520, 1.558, 1.571, 1.580, 1.586, 1.591, 1.594, 1.594, 
1.548, 1.509, 1.487, 1.463, 1.441, 1.425, 1.416, 1.438, 1.525, 1.558, 
1.571, 1.581, 1.588, 1.591, 1.593, 1.582, 1.542, 1.508, 1.484, 1.463, 
1.446, 1.428, 1.414, 1.464, 1.534, 1.561, 1.575, 1.582, 1.587, 1.591, 
1.594, 1.579, 1.533, 1.500, 1.481, 1.459, 1.440, 1.422, 1.413, 1.452, 
1.529, 1.563, 1.575, 1.584, 1.589, 1.592, 1.593, 1.571, 1.534, 1.501, 
1.477, 1.456, 1.438, 1.424, 1.409, 1.498, 1.545, 1.564, 1.578, 1.585, 
1.589, 1.593, 1.594, 1.553, 1.524, 1.491, 1.469, 1.444, 1.428, 1.413, 
1.425, 1.527, 1.558, 1.573, 1.581, 1.588, 1.591, 1.593, 1.563, 1.532, 
1.501, 1.476, 1.452, 1.437, 1.424, 1.413, 1.496, 1.538, 1.563, 1.577, 
1.585, 1.589, 1.592, 1.594, 1.561, 1.530, 1.502, 1.476, 1.452, 1.438, 
1.420, 1.406, 1.502, 1.545, 1.565, 1.577, 1.584, 1.589, 1.592, 1.594, 
1.551, 1.523, 1.495, 1.471, 1.448, 1.434, 1.422, 1.411, 1.514, 1.547, 
1.568, 1.579, 1.587, 1.589, 1.593, 1.594, 1.551, 1.522, 1.492, 1.466, 
1.446, 1.435, 1.418, 1.403, 1.519, 1.550, 1.567, 1.578, 1.586, 1.590, 
1.593, 1.587, 1.538, 1.507, 1.482, 1.455, 1.437, 1.420, 1.409, 1.497, 
1.539, 1.561, 1.575, 1.585, 1.589, 1.592, 1.594, 1.561, 1.519, 1.491, 
1.458, 1.444, 1.430, 1.418, 

count
# samples taken total: 22422
oops
Unknown command. Type 'help' for command list.
stop
Program terminating.